 143 191 191 191 191 191 191 191 191 191 191 191 191 191 191 191
 191 255 255 255 255 255 255 255 255 255 255 255 255 255 255 255
 191 255 255 255 255 255 255 255 255 255 255 255 255 255 255 255
 191 255 255 255 255 255 255 255 255 255 255 254 254 255 255 255
 191 255 255 255 255 255 255 255 255 255 255 255 255 255 255 255
 191 255 255 255 255 255 255 255 255 255 255 255 254 255 255 255
 191 255 255 255 255 254 255 254 255 255 255 254 255 254 254 255
 191 254 254 254 254 247 196 221 253 255 254 251 199 218 254 255
 191 206   7 201 193  13   8   1  82 253 208  17   9   3  72 254
 191 206   7 201 115  70 253 211  58 218 117  47 253 209  57 220
 191 206   7 201 166   1  46 111 214 254 180   1  42 104 203 254
 191 206   7 202 254 198 118  27   9 217 254 206 122  37   8 204
 191 206   7 202  94 142 254 246   5 172 111 132 252 247  32 132
 191 206   7 201 154   9  86  59  18 223 159   4  86  65  17 215
 191 231 130 227 253 177 127 132 214 254 254 191 127 132 207 254
 191 254 254 254 254 254 254 254 254 255 254 254 254 254 254 254
 143 191 191 191 191 191 191 191 191 191 191 191 191 191 191 191
 191 255 255 255 255 255 255 255 255 255 255 255 255 255 255 255
 191 255 255 255 255 255 255 255 255 255 255 255 255 255 255 255
 191 255 255 255 255 255 255 255 255 255 255 254 254 255 255 255
 191 255 255 255 255 255 255 255 255 255 255 255 255 255 255 255
 191 255 255 255 255 255 255 255 255 255 255 255 254 255 255 255
 191 255 255 255 255 255 255 255 254 255 255 255 255 255 255 255
 191 254 254 254 255 249 197 221 254 255 255 253 200 217 254 255
 191 213   0 191 200  14   8   0  73 254 217  18   8   3  63 254
 191 213   1 191 124  61 254 219  56 214 122  35 254 219  57 209
 191 213   1 191 174   0  42 109 211 254 191   0  40 102 199 254
 191 213   1 191 254 204 122  29   5 214 254 211 126  39   4 192
 191 213   1 192 103 135 254 252   7 162 116 124 254 252  39 128
 191 213   0 191 165   6  84  63  13 221 169   2  83  68  13 206
 191 234 127 223 254 181 127 131 210 254 254 195 127 131 205 254
 191 255 255 255 254 254 255 255 254 255 254 255 254 255 254 254
 143 191 191 191 191 191 191 191 191 191 191 191 191 191 191 191
 191 255 255 255 255 255 255 255 255 255 255 255 255 255 255 255
 191 255 255 255 255 255 255 255 255 255 255 255 255 255 255 255
 191 255 255 255 255 255 255 255 255 255 255 254 254 255 255 255
 191 255 255 255 255 255 255 255 255 255 255 255 255 255 255 255
 191 255 255 255 255 255 255 255 255 255 255 255 254 255 255 255
 191 255 255 255 255 254 255 255 254 255 255 254 255 255 254 255
 191 254 254 254 254 249 197 219 254 254 254 253 200 216 253 255
 191 223  10 186 206  19   8   1  67 252 225  22   9   3  59 254
 191 223  10 186 132  56 254 224  58 207 127  26 251 225  59 197
 191 223  10 186 181   0  39 107 205 254 198   2  38 100 195 254
 191 223  10 186 254 208 124  33   4 208 254 214 128  43   3 184
 191 223  10 184 115 127 254 254  14 152 121 115 253 253  47 122
 191 223  10 186 172   6  81  67  13 214 176   5  80  72  12 198
 191 238 132 221 254 185 128 130 206 254 254 199 128 130 201 255
 191 255 255 254 254 254 255 254 255 254 255 254 254 254 254 255

 191 255 255 255 255 255 255 255 254 220 254 204 132 215 254 254
 191 255 255 255 255 255 254 254  72  57 203   8  32  17 207 254
 191 255 255 255 255 255 254 218   3 209 104  37 247  65 132 254
 191 255 255 254 255 254 255 199   9 253  42 122 252  86 127 254
 191 255 255 254 255 255 254 251  17  47   1 206 132   4 191 254
 191 255 255 255 255 255 255 254 208 117 180 254 111 159 254 254
 191 255 255 255 255 255 255 255 253 218 254 217 172 223 254 255
 191 255 255 255 255 255 255 253  82  58 214   9   5  18 214 254
 191 255 255 255 255 255 254 221   1 211 111  27 246  59 132 254
 191 255 255 255 255 255 255 196   8 253  46 118 254  86 127 254
 191 255 255 255 255 255 254 247  13  70   1 198 142   9 177 254
 191 255 255 255 255 255 255 254 193 115 166 254  94 154 253 254
 191 255 255 255 255 255 255 254 201 201 201 202 202 201 227 254
 191 255 255 255 255 255 255 254   7   7   7   7   7   7 130 254
 191 255 255 255 255 255 255 254 206 206 206 206 206 206 231 254
 143 191 191 191 191 191 191 191 191 191 191 191 191 191 191 191
 191 255 255 255 255 255 255 255 254 209 254 192 128 206 254 254
 191 255 255 255 255 255 255 254  63  57 199   4  39  13 205 254
 191 255 255 255 255 255 255 217   3 219 102  39 252  68 131 255
 191 255 255 254 255 254 255 200   8 254  40 126 254  83 127 254
 191 255 255 254 255 255 255 253  18  35   0 211 124   2 195 255
 191 255 255 255 255 255 255 255 217 122 191 254 116 169 254 254
 191 255 255 255 255 255 255 255 254 214 254 214 162 221 254 255
 191 255 255 255 255 255 254 254  73  56 211   5   7  13 210 254
 191 255 255 255 255 255 255 221   0 219 109  29 252  63 131 255
 191 255 255 255 255 255 255 197   8 254  42 122 254  84 127 255
 191 255 255 255 255 255 255 249  14  61   0 204 135   6 181 254
 191 255 255 255 255 255 255 255 200 124 174 254 103 165 254 254
 191 255 255 255 255 255 255 254 191 191 191 191 192 191 223 255
 191 255 255 255 255 255 255 254   0   1   1   1   1   0 127 255
 191 255 255 255 255 255 255 254 213 213 213 213 213 213 234 255
 143 191 191 191 191 191 191 191 191 191 191 191 191 191 191 191
 191 255 255 255 255 255 255 255 254 197 254 184 122 198 255 255
 191 255 255 255 255 255 254 253  59  59 195   3  47  12 201 254
 191 255 255 255 255 255 255 216   3 225 100  43 253  72 130 254
 191 255 255 254 255 254 255 200   9 251  38 128 253  80 128 254
 191 255 255 254 255 255 254 253  22  26   2 214 115   5 199 254
 191 255 255 255 255 255 255 254 225 127 198 254 121 176 254 255
 191 255 255 255 255 255 255 254 252 207 254 208 152 214 254 254
 191 255 255 255 255 255 254 254  67  58 205   4  14  13 206 255
 191 255 255 255 255 255 255 219   1 224 107  33 254  67 130 254
 191 255 255 255 255 255 255 197   8 254  39 124 254  81 128 255
 191 255 255 255 255 255 254 249  19  56   0 208 127   6 185 254
 191 255 255 255 255 255 255 254 206 132 181 254 115 172 254 254
 191 255 255 255 255 255 255 254 186 186 186 186 184 186 221 254
 191 255 255 255 255 255 255 254  10  10  10  10  10  10 132 255
 191 255 255 255 255 255 255 254 223 223 223 223 223 223 238 255
 143 191 191 191 191 191 191 191 191 191 191 191 191 191 191 191

 254 254 254 254 254 254 255 254 254 254 254 254 254 254 254 191
 254 207 132 127 191 254 254 214 132 127 177 253 227 130 231 191
 215  17  65  86   4 159 223  18  59  86   9 154 201   7 206 191
 132  32 247 252 132 111 172   5 246 254 142  94 202   7 206 191
 204   8  37 122 206 254 217   9  27 118 198 254 202   7 206 191
 254 203 104  42   1 180 254 214 111  46   1 166 201   7 206 191
 220  57 209 253  47 117 218  58 211 253  70 115 201   7 206 191
 254  72   3   9  17 208 253  82   1   8  13 193 201   7 206 191
 255 254 218 199 251 254 255 253 221 196 247 254 254 254 254 191
 255 254 254 255 254 255 255 255 254 255 254 255 255 255 255 191
 255 255 255 254 255 255 255 255 255 255 255 255 255 255 255 191
 255 255 255 255 255 255 255 255 255 255 255 255 255 255 255 191
 255 255 255 254 254 255 255 255 255 255 255 255 255 255 255 191
 255 255 255 255 255 255 255 255 255 255 255 255 255 255 255 191
 255 255 255 255 255 255 255 255 255 255 255 255 255 255 255 191
 191 191 191 191 191 191 191 191 191 191 191 191 191 191 191 143
 254 254 255 254 255 254 255 254 255 255 254 254 255 255 255 191
 254 205 131 127 195 254 254 210 131 127 181 254 223 127 234 191
 206  13  68  83   2 169 221  13  63  84   6 165 191   0 213 191
 128  39 252 254 124 116 162   7 252 254 135 103 192   1 213 191
 192   4  39 126 211 254 214   5  29 122 204 254 191   1 213 191
 254 199 102  40   0 191 254 211 109  42   0 174 191   1 213 191
 209  57 219 254  35 122 214  56 219 254  61 124 191   1 213 191
 254  63   3   8  18 217 254  73   0   8  14 200 191   0 213 191
 255 254 217 200 253 255 255 254 221 197 249 255 254 254 254 191
 255 255 255 255 255 255 255 254 255 255 255 255 255 255 255 191
 255 255 255 254 255 255 255 255 255 255 255 255 255 255 255 191
 255 255 255 255 255 255 255 255 255 255 255 255 255 255 255 191
 255 255 255 254 254 255 255 255 255 255 255 255 255 255 255 191
 255 255 255 255 255 255 255 255 255 255 255 255 255 255 255 191
 255 255 255 255 255 255 255 255 255 255 255 255 255 255 255 191
 191 191 191 191 191 191 191 191 191 191 191 191 191 191 191 143
 255 254 254 254 254 255 254 255 254 255 254 254 254 255 255 191
 255 201 130 128 199 254 254 206 130 128 185 254 221 132 238 191
 198  12  72  80   5 176 214  13  67  81   6 172 186  10 223 191
 122  47 253 253 115 121 152  14 254 254 127 115 184  10 223 191
 184   3  43 128 214 254 208   4  33 124 208 254 186  10 223 191
 254 195 100  38   2 198 254 205 107  39   0 181 186  10 223 191
 197  59 225 251  26 127 207  58 224 254  56 132 186  10 223 191
 254  59   3   9  22 225 252  67   1   8  19 206 186  10 223 191
 255 253 216 200 253 254 254 254 219 197 249 254 254 254 254 191
 255 254 255 255 254 255 255 254 255 255 254 255 255 255 255 191
 255 255 255 254 255 255 255 255 255 255 255 255 255 255 255 191
 255 255 255 255 255 255 255 255 255 255 255 255 255 255 255 191
 255 255 255 254 254 255 255 255 255 255 255 255 255 255 255 191
 255 255 255 255 255 255 255 255 255 255 255 255 255 255 255 191
 255 255 255 255 255 255 255 255 255 255 255 255 255 255 255 191
 191 191 191 191 191 191 191 191 191 191 191 191 191 191 191 143

 191 191 191 191 191 191 191 191 191 191 191 191 191 191 191 143
 254 231 206 206 206 206 206 206 254 255 255 255 255 255 255 191
 254 130   7   7   7   7   7   7 254 255 255 255 255 255 255 191
 254 227 201 202 202 201 201 201 254 255 255 255 255 255 255 191
 254 253 154  94 254 166 115 193 254 255 255 255 255 255 255 191
 254 177   9 142 198   1  70  13 247 254 255 255 255 255 255 191
 254 127  86 254 118  46 253   8 196 255 255 255 255 255 255 191
 254 132  59 246  27 111 211   1 221 254 255 255 255 255 255 191
 254 214  18   5   9 214  58  82 253 255 255 255 255 255 255 191
 255 254 223 172 217 254 218 253 255 255 255 255 255 255 255 191
 254 254 159 111 254 180 117 208 254 255 255 255 255 255 255 191
 254 191   4 132 206   1  47  17 251 254 255 255 254 255 255 191
 254 127  86 252 122  42 253   9 199 255 254 255 254 255 255 191
 254 132  65 247  37 104 209   3 218 254 255 255 255 255 255 191
 254 207  17  32   8 203  57  72 254 254 255 255 255 255 255 191
 254 254 215 132 204 254 220 254 255 255 255 255 255 255 255 191
 191 191 191 191 191 191 191 191 191 191 191 191 191 191 191 143
 255 234 213 213 213 213 213 213 254 255 255 255 255 255 255 191
 255 127   0   1   1   1   1   0 254 255 255 255 255 255 255 191
 255 223 191 192 191 191 191 191 254 255 255 255 255 255 255 191
 254 254 165 103 254 174 124 200 255 255 255 255 255 255 255 191
 254 181   6 135 204   0  61  14 249 255 255 255 255 255 255 191
 255 127  84 254 122  42 254   8 197 255 255 255 255 255 255 191
 255 131  63 252  29 109 219   0 221 255 255 255 255 255 255 191
 254 210  13   7   5 211  56  73 254 254 255 255 255 255 255 191
 255 254 221 162 214 254 214 254 255 255 255 255 255 255 255 191
 254 254 169 116 254 191 122 217 255 255 255 255 255 255 255 191
 255 195   2 124 211   0  35  18 253 255 255 255 254 255 255 191
 254 127  83 254 126  40 254   8 200 255 254 255 254 255 255 191
 255 131  68 252  39 102 219   3 217 255 255 255 255 255 255 191
 254 205  13  39   4 199  57  63 254 255 255 255 255 255 255 191
 254 254 206 128 192 254 209 254 255 255 255 255 255 255 255 191
 191 191 191 191 191 191 191 191 191 191 191 191 191 191 191 143
 255 238 223 223 223 223 223 223 254 255 255 255 255 255 255 191
 255 132  10  10  10  10  10  10 254 255 255 255 255 255 255 191
 254 221 186 184 186 186 186 186 254 255 255 255 255 255 255 191
 254 254 172 115 254 181 132 206 254 255 255 255 255 255 255 191
 254 185   6 127 208   0  56  19 249 254 255 255 255 255 255 191
 255 128  81 254 124  39 254   8 197 255 255 255 255 255 255 191
 254 130  67 254  33 107 224   1 219 255 255 255 255 255 255 191
 255 206  13  14   4 205  58  67 254 254 255 255 255 255 255 191
 254 254 214 152 208 254 207 252 254 255 255 255 255 255 255 191
 255 254 176 121 254 198 127 225 254 255 255 255 255 255 255 191
 254 199   5 115 214   2  26  22 253 254 255 255 254 255 255 191
 254 128  80 253 128  38 251   9 200 255 254 255 254 255 255 191
 254 130  72 253  43 100 225   3 216 255 255 255 255 255 255 191
 254 201  12  47   3 195  59  59 253 254 255 255 255 255 255 191
 255 255 198 122 184 254 197 254 255 255 255 255 255 255 255 191

